f.addPath([[0,-180.152,137.648],[-50,-42.523,68.819],[50,-42.523,68.819]], 0);
f.addPath([[0.008,-180.16,137.637],[50.002,-42.525,68.816],[0.002,-95.102,0]], 0);
f.addPath([[-0.008,-180.16,137.637],[-0.002,-95.102,0],[-50.002,-42.525,68.816]], 0);
f.addPath([[131.374,-179.936,42.019],[50.211,-42.525,68.664],[0.211,-95.101,-0.153]], 1);
f.addPath([[130.9,-180.169,42.551],[80.902,-42.54,-26.279],[0.001,-95.111,0.012]], 1);
f.addPath([[130.894,-180.175,42.543],[49.997,-42.538,68.825],[80.901,-42.541,-26.28]], 1);
f.addPath([[80.69,-180.168,-111.498],[80.854,-42.669,-26.217],[-0.211,-95.101,-0.153]], 2);
f.addPath([[80.898,-180.169,-111.347],[0.001,-42.531,-85.068],[-0.002,-95.102,-0.001]], 2);
f.addPath([[81.117,-179.813,-111.774],[-0.047,-42.403,-85.131],[80.955,-42.314,-26.492]], 2);
f.addPath([[-80.898,-180.169,-111.347],[0.002,-95.102,-0.001],[-0.001,-42.531,-85.068]], 3);
f.addPath([[-80.69,-180.168,-111.498],[0.211,-95.101,-0.153],[-80.854,-42.669,-26.217]], 3);
f.addPath([[-81.117,-179.813,-111.774],[-80.955,-42.314,-26.492],[0.047,-42.403,-85.131]], 3);
f.addPath([[-130.894,-180.175,42.543],[-80.901,-42.541,-26.28],[-49.997,-42.538,68.825]], 4);
f.addPath([[-130.9,-180.169,42.551],[-0.001,-95.111,0.012],[-80.902,-42.54,-26.279]], 4);
f.addPath([[-131.374,-179.936,42.019],[-0.211,-95.101,-0.153],[-50.211,-42.525,68.664]], 4);
f.addPath([[-0.006,-42.531,222.705],[-0.001,42.53,85.068],[49.997,-42.537,68.826]], 5);
f.addPath([[0.006,-42.531,222.705],[-49.997,-42.537,68.826],[0.001,42.53,85.068]], 5);
f.addPath([[0,-41.792,222.834],[-50,-42.303,68.955],[50,-42.303,68.955]], 5);
f.addPath([[131.11,42.545,180.01],[0.048,42.402,85.132],[50.211,-42.524,68.665]], 6);
f.addPath([[130.903,42.545,180.161],[80.901,42.54,26.281],[50.003,-42.524,68.817]], 6);
f.addPath([[130.9,43.128,180.032],[80.902,42.618,26.152],[0.001,42.813,84.93]], 6);
f.addPath([[212.017,-42.169,68.387],[80.956,-42.313,-26.491],[80.855,42.668,26.217]], 7);
f.addPath([[211.8,-42.521,68.818],[50.001,-42.522,68.819],[80.903,42.539,26.279]], 7);
f.addPath([[211.8,-42.303,68.953],[50.001,-42.303,68.954],[80.903,-42.618,-26.151]], 7);
f.addPath([[211.8,42.521,-68.818],[50.001,42.522,-68.819],[80.903,-42.539,-26.279]], 8);
f.addPath([[212.017,42.169,-68.387],[80.956,42.313,26.491],[80.855,-42.668,-26.217]], 8);
f.addPath([[211.8,42.303,-68.953],[50.001,42.303,-68.954],[80.903,42.618,26.151]], 8);
f.addPath([[130.9,-43.128,-180.032],[80.902,-42.618,-26.152],[0.001,-42.813,-84.93]], 9);
f.addPath([[130.903,-42.545,-180.161],[80.901,-42.54,-26.281],[50.003,42.524,-68.817]], 9);
f.addPath([[131.11,-42.545,-180.01],[0.048,-42.402,-85.132],[50.211,42.524,-68.665]], 9);
f.addPath([[-0.006,42.531,-222.705],[-0.001,-42.53,-85.068],[49.997,42.537,-68.826]], 10);
f.addPath([[0.006,42.531,-222.705],[-49.997,42.537,-68.826],[0.001,-42.53,-85.068]], 10);
f.addPath([[0,41.792,-222.834],[-50,42.303,-68.955],[50,42.303,-68.955]], 10);
f.addPath([[-131.11,-42.545,-180.01],[-50.211,42.524,-68.665],[-0.048,-42.402,-85.132]], 11);
f.addPath([[-130.9,-43.128,-180.032],[-0.001,-42.813,-84.93],[-80.902,-42.618,-26.152]], 11);
f.addPath([[-130.903,-42.545,-180.161],[-50.003,42.524,-68.817],[-80.901,-42.54,-26.281]], 11);
f.addPath([[-211.8,42.521,-68.818],[-80.903,-42.539,-26.279],[-50.001,42.522,-68.819]], 12);
f.addPath([[-212.017,42.169,-68.387],[-80.855,-42.668,-26.217],[-80.956,42.313,26.491]], 12);
f.addPath([[-211.8,42.303,-68.953],[-80.903,42.618,26.151],[-50.001,42.303,-68.954]], 12);
f.addPath([[-212.017,-42.169,68.387],[-80.855,42.668,26.217],[-80.956,-42.313,-26.491]], 13);
f.addPath([[-211.8,-42.521,68.818],[-80.903,42.539,26.279],[-50.001,-42.522,68.819]], 13);
f.addPath([[-211.8,-42.303,68.953],[-80.903,-42.618,-26.151],[-50.001,-42.303,68.954]], 13);
f.addPath([[-131.11,42.545,180.01],[-50.211,-42.524,68.665],[-0.048,42.402,85.132]], 14);
f.addPath([[-130.9,43.128,180.032],[-0.001,42.813,84.93],[-80.902,42.618,26.152]], 14);
f.addPath([[-130.903,42.545,180.161],[-50.003,-42.524,68.817],[-80.901,42.54,26.281]], 14);
f.addPath([[81.117,179.813,111.774],[-0.047,42.403,85.131],[80.955,42.314,26.492]], 15);
f.addPath([[80.898,180.169,111.347],[0.001,42.531,85.068],[-0.002,95.102,0.001]], 15);
f.addPath([[80.69,180.168,111.498],[80.854,42.669,26.217],[-0.211,95.101,0.153]], 15);
f.addPath([[130.894,180.175,-42.543],[49.997,42.538,-68.825],[80.901,42.541,26.28]], 16);
f.addPath([[130.9,180.169,-42.551],[80.902,42.54,26.279],[0.001,95.111,-0.012]], 16);
f.addPath([[131.374,179.936,-42.019],[50.211,42.525,-68.664],[0.211,95.101,0.153]], 16);
f.addPath([[0,180.152,-137.648],[-50,42.523,-68.819],[50,42.523,-68.819]], 17);
f.addPath([[-0.008,180.16,-137.637],[-0.002,95.102,0],[-50.002,42.525,-68.816]], 17);
f.addPath([[0.008,180.16,-137.637],[50.002,42.525,-68.816],[0.002,95.102,0]], 17);
f.addPath([[-131.374,179.936,-42.019],[-0.211,95.101,0.153],[-50.211,42.525,-68.664]], 18);
f.addPath([[-130.894,180.175,-42.543],[-80.901,42.541,26.28],[-49.997,42.538,-68.825]], 18);
f.addPath([[-130.9,180.169,-42.551],[-0.001,95.111,-0.012],[-80.902,42.54,26.279]], 18);
f.addPath([[-81.117,179.813,111.774],[-80.955,42.314,26.492],[0.047,42.403,85.131]], 19);
f.addPath([[-80.69,180.168,111.498],[0.211,95.101,0.153],[-80.854,42.669,26.217]], 19);
f.addPath([[-80.898,180.169,111.347],[0.002,95.102,0.001],[-0.001,42.531,85.068]], 19);
